>C001-E01
-1 2 -3 -4 5 -6 -12 -8 -10 9 11 7 13 $
>C002-E02
-1 2 -3 -4 5 -6 -7 -11 -9 10 8 12 13 $
>C003-E03
-1 2 -3 -4 5 -6 -12 -8 -9 10 11 7 13 $
>C004-E04
-1 2 -11 -10 9 8 12 6 -5 4 3 7 13 $
>C005-E05
-1 2 -3 -4 5 -13 -7 -8 -9 10 8 7 13 $
>C006-E06
-1 2 -3 -5 4 -6 -7 -11 -9 10 8 12 13 $
>C008-E08
-1 2 -3 -4 5 -6 -12 -8 -9 10 11 7 13 $
>C009-E09
-1 2 -3 -4 5 -6 -12 -8 -9 10 11 12 6 -5 4 3 7 13 $
>C010-E10
-1 2 6 -9 9 8 7 13 $
>C011-E11
-1 2 -3 -4 5 11 12 13 $
>C012-E12
-1 2 -3 -4 5 -6 -12 -8 -10 9 11 7 13 $
>C013-E13
-1 2 -3 -4 5 -6 -12 -8 -10 9 11 7 13 $
>C014-E14
-1 2 -3 -4 5 -6 -12 -11 -9 10 8 7 13 $
>C015-E15
-1 2 -3 -5 4 -6 -7 -11 -9 10 8 12 13 $
>C016-E16
-1 2 6 -4 5 11 7 13 -5 5 7 13 -5 5 7 6 $
>C017-E17
-1 2 -3 -4 5 -6 -12 -8 -9 10 11 7 13 $
>C018-E18
-1 2 -3 -4 5 -6 -12 -8 -10 9 11 7 13 $
>C019-E19
-1 2 -3 -5 4 -6 -12 -8 -10 9 11 7 13 $
>C020-E20
-1 2 -3 -4 5 -6 -12 -11 -10 9 8 7 13 $
>C021-S01
-1 2 -3 -4 5 -6 -7 -8 -9 -10 11 12 13 $
>C022-S02
-1 2 -3 -4 5 -6 -7 -8 -10 9 11 12 13 $
>C023-S03
-1 2 -3 -5 4 -6 -7 -8 -9 10 11 12 13 $
>C024-S04
-1 2 -3 -10 9 11 12 13 $
>C025-S05
-1 2 -3 -10 9 8 7 13 -4 5 8 7 13 $
>C026-S06
-1 2 6 -5 4 3 -12 -11 -10 9 8 7 13 $
>C027-S07
-1 2 -3 -4 5 -6 -12 -8 -10 9 11 7 13 $
>C028-S08
-1 2 -3 -5 4 -6 -12 -8 -10 9 11 7 13 $
>C029-S09
-1 2 -3 -9 10 -6 -12 -11 -5 4 8 7 13 $
>C030-S10
-1 2 -3 -4 5 -6 -12 -11 -9 10 8 7 13 $
>C035-S15
-2 1 -3 -10 9 8 7 6 -4 5 11 12 13 $
>C036-S16
-2 1 -3 -10 9 3 7 13 $
>C037-S17
-1 2 -3 -4 5 -6 -7 -11 -10 9 8 12 13 $
>C038-S18
-1 2 -3 -4 5 -6 -12 -11 -10 9 8 7 13 $
>C039-S19
-2 1 -3 -4 5 -6 -7 -11 -10 9 8 12 13 $
>C040-S20
-1 2 -3 -4 5 -6 -12 -11 -9 10 8 7 13 $
>C041-N01
-1 2 -3 -4 5 -6 -7 -8 -10 9 11 12 13 $
>C042-N02
-1 2 -3 -4 5 -6 -12 -11 -10 9 8 7 13 $
>C043-N03
-2 1 -3 -10 9 8 7 6 -4 5 11 7 6 -4 5 11 12 13 $
>C044-N04
-1 2 -3 -4 5 -6 -12 -11 -10 9 8 7 13 $
>C045-N05
-1 2 -3 -4 5 -6 -7 -11 -9 10 8 12 13 $
>C046-N06
-1 2 6 -4 5 11 7 13 $
>C047-N07
-1 2 6 -4 5 11 7 13 $
>C048-N08
-1 2 -3 -5 4 -6 -7 -11 -10 9 8 12 13 $
>C049-N09
-1 -11 -9 10 8 12 6 -5 4 3 -2 7 13 $
>C050-N10
-1 2 -3 -5 4 -13 -7 -8 -10 -9 8 7 13 $
>C051-N11
7 13 -4 5 3 -2 1 -8 -10 9 8 7 13 $
>C052-N12
-1 2 -3 -4 5 11 12 13 $
>C053-N13
-1 2 -3 -4 5 -6 -12 -11 -9 10 8 7 13 $
>C054-N14
-1 2 -3 -4 5 -6 -12 -8 -9 10 11 7 13 $
>C055-N15
-1 2 -3 -10 9 8 7 13 -5 4 8 7 13 $
>C056-N16
-1 2 -3 -4 5 -6 -12 -11 -10 9 8 7 13 $
>C057-N17
-1 2 -3 -4 5 -6 -12 -11 -10 9 8 7 13 $
>C058-N18
-1 2 -3 -10 9 11 12 6 -5 4 8 7 13 $
>C059-N19
-1 2 -3 -4 5 11 12 13 $
>C061-NE01
-1 2 -3 -9 10 8 7 13 -5 4 8 7 13 $
>C062-NE02
-1 2 -3 -4 5 -6 -12 -11 -9 10 8 7 13 $
>C063-NE03
-1 2 -3 -4 5 -6 -12 -11 -10 9 8 7 13 $
>C065-NE05
-12 -8 -10 10 11 7 13 $
>C066-NE06
-1 2 -3 -4 5 -6 -12 -11 -9 10 8 7 13 $
>C067-NE07
-1 2 -3 -4 5 -6 -12 -8 -9 10 11 7 13 $
>C068-NE08
-1 2 13 -5 4 8 7 13 $
>C069-NE09
-1 2 -3 -4 5 -6 -12 -8 -9 10 11 7 13 $
>C070-NE10
-1 2 -3 -5 4 -6 -12 -8 -10 9 11 7 13 $
>C071-NE11
-1 2 -3 -4 5 -6 -12 -11 -9 10 8 7 13 $
>C072-NE12
-1 2 -3 -4 5 -6 -12 -11 -9 10 8 7 13 $
>C073-NE13
-1 2 6 11 7 6 -4 5 11 7 13 $
>C074-NE14
-1 2 -3 -4 5 -6 -12 -11 -9 10 8 7 13 $
>C075-NE15
-1 2 -3 -4 5 -13 -7 -8 -10 9 8 7 13 $
>C076-NE16
-1 2 -3 -4 5 -6 -12 -11 -9 10 8 7 13 $
>C077-NE17
-1 2 -3 -4 5 11 12 13 $
>C078-NE18
-1 2 6 6 -4 5 11 7 $
>C079-NE19
-1 2 -3 -4 5 -6 -12 -11 -9 10 8 7 13 $
>C080-NE20
-1 2 13 -5 4 8 7 13 $
>C081-C01
-2 1 -3 -10 9 11 7 13 $
>C082-C02
-1 2 -3 -4 5 -6 -12 -8 -10 9 11 7 13 $
>C083-C03
-1 2 6 -4 5 11 7 13 $
>C084-C04
-1 2 -3 -5 4 -6 -12 -8 -9 10 11 7 13 $
>C086-C06
-1 2 -3 -4 5 -6 -12 -11 -10 9 8 7 13 $
>C087-C07
-1 2 -3 -4 5 -6 -12 -8 -10 9 11 7 13 $
>C088-C08
-1 2 -3 -4 5 -6 -12 -8 -9 10 11 7 13 $
>C089-C09
-1 2 -3 -10 9 8 7 6 -5 4 11 12 13 $
>C090-C10
-1 2 -11 -9 10 8 7 6 -5 4 3 12 13 $
>C091-C11
-1 2 6 -4 5 11 7 13 -5 5 7 6 $
>C092-C12
-2 1 -3 -9 10 11 12 13 $
>C093-C13
-1 2 -3 -4 5 -6 -12 -11 -9 10 8 7 13 $
>C095-C15
-1 2 -3 -10 9 8 7 13 -5 4 8 7 13 $
>C096-C16
-1 2 -3 -4 5 11 12 13 $
>C097-C17
-1 2 -3 -4 5 -6 -12 -8 -9 10 11 7 13 $
>C098-C18
-2 1 -3 -10 9 11 12 6 -5 4 11 7 13 $
>C099-C19
-1 2 6 -5 4 3 -12 -11 -10 9 8 7 13 $
>C100-C20
-1 2 -3 -5 4 -6 -12 -8 -9 10 11 7 13 $
>C101-CZA01
-8 -10 9 3 -2 1 13 -5 4 11 12 13 $
>C102-CZA02
-1 2 -3 -4 5 -6 -12 -8 -9 10 11 7 13 $
>C105-CZA05
-1 2 13 -5 4 11 12 13 -5 4 11 12 13 $
>C107-CZA07
-1 2 6 -4 5 11 7 13 -5 5 7 6 $
>C108-CZA08
-8 -10 9 3 -2 1 13 -5 4 11 12 13 $
>C109-CUG01
-1 2 -3 -5 4 -6 -12 -11 -9 10 8 7 13 $
>C110-CUG02
-1 2 -3 -5 4 -6 -12 -8 -10 9 11 7 13 $
>C111-CUG03
-1 2 6 -4 5 3 -7 -11 -10 9 8 12 13 $
>C112-CUG04
-1 2 -3 -9 10 8 12 13 $
>C114-CMG01
-1 2 -3 -4 5 -6 -7 -8 -10 9 11 12 13 $
>C115-CMG02
-2 2 -3 -5 4 -6 -7 -8 -10 9 11 12 13 $
>C116-CMG03
-1 2 -3 -4 5 -13 -7 -8 -9 10 8 7 13 $
>C117-CMG04
-2 1 -11 -10 9 8 12 6 -5 4 3 7 13 $
>C118-CMG05
-1 2 -3 -5 4 -6 -12 -8 -10 9 11 7 13 $
>C119-CKZ01
-7 -3 -4 5 -13 -1 2 -3 -10 9 -8 -10 9 8 7 13 $
>C120-CKZ02
-3 -4 5 -13 -1 2 -3 -10 9 8 7 13 $
>C121-CKZ03
-7 -3 -10 9 8 7 13 $
>C122-CKZ04
-7 -3 -4 5 -13 -1 2 -3 -10 9 8 7 13 $
>C123-CKZ05
-1 2 -3 -10 10 8 7 6 -5 4 11 12 13 $
>C124-CZH01
-2 1 -3 12 6 -9 10 11 -5 4 11 7 13 $
>C125-CZH02
-2 1 -3 -10 9 11 12 6 -5 4 11 7 13 $
>C126-CZH03
-2 1 -3 -10 9 11 12 6 -5 4 11 7 13 $
>C127-CZH04
-1 2 -3 -5 4 -6 -7 -11 -9 10 8 12 13 $
>C128-CZH05
-2 1 -3 -9 10 11 12 13 $
>C129-CYI01
-2 1 -3 -5 5 -13 -12 -8 -10 9 11 7 6 $
>C130-CYI02
-2 1 -3 -5 5 -13 -12 -8 -5 5 -13 -12 -8 -10 9 11 7 6 $
>C131-CYI03
-2 1 -3 -4 5 -6 -12 -11 -9 10 11 7 13 $
>C134-CMH01
-1 2 -3 -4 5 -6 -12 -8 -9 10 11 7 13 $
>C135-CMH02
-2 2 6 -5 4 3 -12 -8 -9 10 11 7 13 $
>C136-CMH03
-2 1 -3 -4 5 -6 -12 -11 -9 10 11 7 13 $
>C137-CMH04
-1 2 -3 -4 5 -6 -12 -8 -9 10 11 7 13 $
>C138-CMH05
-1 2 -3 -9 10 11 12 6 -5 4 8 7 13 $
>C139-CBY01
-1 2 -3 -4 5 -6 -7 -8 -9 10 11 12 13 $
>C140-CBY02
-2 1 -3 -5 -4 -3 -4 5 -6 -12 -11 -9 10 11 7 13 $
>C141-CBY03
-2 1 -3 -5 -4 -3 -4 5 -6 -12 -11 -9 10 11 7 13 $
>C142-CHU01
-1 2 -3 -4 5 -6 -12 -11 -10 9 8 7 13 $
>C143-CHU02
-1 2 -3 -4 5 -6 -7 -8 -10 10 11 12 13 $
>C144-CHU03
-1 2 6 -5 4 3 -12 -11 -10 9 8 7 13 $
>C145-CMA01
-1 2 -3 -4 5 -6 -12 -11 -9 10 8 7 13 $
>C148-CTJ01
-1 2 -3 -4 5 -6 -7 -8 -9 -10 11 12 13 $
>C149-CTJ02
-2 1 -3 -4 5 -6 -12 -11 -10 9 8 7 13 $
>C150-CTJ03
-1 2 -3 -10 9 8 12 13 $
>C151-E21
-1 2 -3 -4 5 -6 -12 -8 -10 9 11 7 13 $
>C152-CKZ06
-1 2 -3 -4 5 -6 -12 -11 -9 10 8 7 13 $
>C153-S21
-1 2 -3 -4 5 -6 -12 -8 -10 9 11 7 13 $
>C154-CBA01
-1 2 6 -4 5 11 7 13 $
>C155-CBA02
-2 1 -3 -5 5 -13 -12 -8 -10 9 11 7 6 $
>C156-CBA03
-1 2 -3 -4 5 -6 -12 -11 -10 9 8 7 13 $
>CHM13
-1 2 -3 -10 9 8 12 13 -4 5 11 7 6 $
>CN1
-1 2 -3 -4 5 -6 -12 -8 -9 10 11 7 13 $
>HG01457
-1 2 -3 -5 4 -6 -7 -11 -10 9 8 12 13 $
>HG00358
-2 2 6 -4 5 11 7 13 $
>HG00621
-1 2 -3 -4 5 -6 -12 -11 -9 10 8 7 13 $
>HG01243
-1 2 -3 -4 5 -6 -7 -8 -10 10 11 12 13 $
>HG01258
-1 2 -3 -5 4 11 7 13 -10 9 8 12 6 $
>HG01505
-1 2 -3 -4 5 -6 -7 -8 -10 10 11 12 13 $
>HG01928
-1 2 -3 -4 5 -6 -7 -11 -10 9 8 12 13 $
>HG02011
-1 2 -3 -4 5 -6 -7 -11 -10 9 8 12 13 $
>HG02486
-1 2 -3 -9 10 11 7 6 -5 4 8 12 13 $
>HG02492
-1 2 -3 -9 10 8 12 13 -5 4 11 7 6 $
>HG02554
-1 2 -3 -4 5 -6 -7 -8 -10 9 11 12 13 $
>HG02953
-1 2 -3 -4 5 -6 -7 -11 -10 9 8 12 13 $
>HG03248
-1 2 -3 -4 5 -6 -7 -8 -9 10 11 12 13 $
>HG03371
-1 2 -3 -4 5 -6 -7 -11 -10 9 8 12 13 $
>HG03471
-1 2 -3 -10 9 11 7 6 -5 4 8 12 13 $
>KOR01
-1 2 -3 -4 5 -6 -12 -8 -9 10 11 7 13 $
>KOR02
-1 2 -3 -4 5 -6 -12 -8 -9 10 11 7 13 $
>KOR03
-1 2 -3 -4 5 -6 -12 -8 -9 10 11 7 13 $
>KOR04
-1 2 -3 -10 9 8 7 13 -5 4 8 7 13 $
>KOR05
-1 2 -3 -4 5 -6 -12 -8 -9 10 11 7 13 $
>KOR06
-1 2 -3 -9 10 11 12 6 -4 5 8 7 6 $
>KOR07
-1 2 -3 -9 10 8 7 13 -5 4 8 7 13 $
>KOR08
-1 2 -3 -4 5 -6 -12 -8 -10 10 11 12 13 $
>NA18534
-2 2 -3 -5 4 -6 -7 -8 -10 9 11 12 13 $
>NA19239
-1 2 -3 -4 5 -6 -7 -8 -9 10 11 12 13 $
>NA19317
-1 2 -3 -4 5 -6 -7 -11 -10 9 8 12 13 $
>NA19347
-1 2 -3 -4 5 -6 -7 -11 -10 9 8 12 13 $
>NA19650
-1 2 -3 -4 5 -6 -7 -8 -10 10 11 12 13 $
>NA19705
-1 2 -3 -5 4 -6 -7 -11 -10 9 8 12 13 $
>NA20509
-1 2 -3 -5 4 -6 -7 -8 -10 10 11 12 13 $
